# Number of parameters = 141 Objective function value = 195.806011233097  Maximum gradient component = 5.07107299168793e-05
# theta[1]:
 8.12460873261792
# theta[2]:
 0.809901440128485
# theta[3]:
 -1.18316972285447
# theta[4]:
 8.90000000000000
# theta[5]:
 9.54000000000000
# theta[6]:
 0.0588240000000000
# theta[7]:
 1.47058800000000
# sel_par[1]:
 0.405465108108164 -9.21034037197618
# sel_par[2]:
 0.405465108108164 -9.21034037197618
# sel_par[3]:
 0.405465108108164 -9.21034037197618
# sel_par[4]:
 0.405465108108164 -9.21034037197618
# sel_par[5]:
 0.405465108108164 -9.21034037197618
# sel_par[6]:
 0.405465108108164 -9.21034037197618
# log_ft_pars:
 -2.29361209830855 -1.81516241445820 -1.52264984580906 -1.75990130903672 -1.99737743520608 -2.38600070083697 -1.96696243870598 -2.56048355013523 -2.04428498510221 -1.65530031922746 -1.44353617793653 -1.56224529708570 -1.68572655396538 -1.89923129205273 -2.53602156698740 -2.00451989473634 -1.99660657456451 -2.16381318518405 -1.87796063395374 -1.72525665496989 -1.78542131229159 -1.97597420681737 -2.04832197678467 -1.38198173613684 -1.55781155318021 -1.92887011079043 -1.98627142397330 -2.11771825232196 -2.25886317584245 -2.71591872687739 -1.82257069986552 -1.02055463575381 -1.41985048131722 -1.95312146291795 -1.88345577811804 -1.08037867305057 -1.18402918641224 -1.29622944102200 -2.10493485317320 -2.29368119461960 -2.19147154805313 -2.11395023350914 -2.28966772979540 -2.53717799089980 -2.71805425749465 -3.39986156524102 -3.27053836445409 -2.89189004969446 -2.72193186706073 -2.52443122399325 -2.59200813326522 -3.34632810230222 -3.53683261268788 -2.94840763110585 -2.34753061167437 -2.56501702684152 -2.88456949768164 -2.87729422081104 -2.74025865919169 -2.64641060143374 -3.14998435080993 -3.54423065823893 -3.96561232971158 -3.51804341113261 -3.65542875843421
# init_log_rec_devs:
 -0.297833863934777 -0.195053571921681 -0.126747710315636 -0.0955627823771490 -0.0934588574488000 -0.108359109415726 -0.130301190331572 1.04733763092833
# log_rec_devs:
 1.05722096494102 1.10582901592665 -0.139089262697128 -0.165388715901056 -0.298059463274530 -0.336891937143305 -0.173463347508303 2.84110900803693 0.284624953125915 0.163417574998478 -0.0760199973922884 -0.352091899141232 -0.626335376708715 -0.538302523276800 -0.320138550299296 -0.0816409325490977 2.69634244247201 0.0765257309440202 0.524991733550108 0.510127636760801 0.356661786864862 0.953327550520735 0.574398496885367 0.840802498618165 0.173325282082789 0.402037730841743 0.278232666562815 -0.103700311841161 0.166054254750444 0.213154229080180 1.49743428738120 2.13799931522953 -0.221516212741534 -0.0713425203757261 0.874158517031931 1.27435904746711 -0.245993543807696 -0.775609232621248 -0.898876534993128 -0.701367322846563 -0.142344866348351 -0.829222233990176 -0.954499525509441 -1.11216693116823 -1.11537381398731 0.209016576581678 0.409309809963615 -0.409216854547195 -0.845546513171936 -1.24698647049847 -1.39304518374077 -1.25216070093722 -0.294358011738469 0.668812217568341 0.131646485423916 -0.489765039177406 -0.691204128466119 -0.667682401538951 -0.629868128301364 -0.792061410749403 -0.796493237637124 -0.646522607859128 0.347852144899932 -0.110935233183755 -0.232896094467399
# log_m_nodes:
 0.00000000000000 0.00000000000000 0.00000000000000 0.00000000000000 0.00000000000000 0.00000000000000 0.00000000000000 0.00000000000000 0.00000000000000 0.00000000000000 0.00000000000000 0.00000000000000
# log_age_tau2[1]:
0.325000000000
# phi1[1]:
0.0100000000000
# phi2[1]:
0.500000000000
# log_degrees_of_freedom[1]:
5.35000000000
# gamma_r:
0.00000000000
