# Number of parameters = 141 Objective function value = 195.806  Maximum gradient component = 5.07107e-005
# theta[1]:
 8.12461
# theta[2]:
 0.809901
# theta[3]:
 -1.18317
# theta[4]:
 8.90000
# theta[5]:
 9.54000
# theta[6]:
 0.0588240
# theta[7]:
 1.47059
# sel_par[1]:
 0.405465 -9.21034
# sel_par[2]:
 0.405465 -9.21034
# sel_par[3]:
 0.405465 -9.21034
# sel_par[4]:
 0.405465 -9.21034
# sel_par[5]:
 0.405465 -9.21034
# sel_par[6]:
 0.405465 -9.21034
# log_ft_pars:
 -2.29361 -1.81516 -1.52265 -1.75990 -1.99738 -2.38600 -1.96696 -2.56048 -2.04428 -1.65530 -1.44354 -1.56225 -1.68573 -1.89923 -2.53602 -2.00452 -1.99661 -2.16381 -1.87796 -1.72526 -1.78542 -1.97597 -2.04832 -1.38198 -1.55781 -1.92887 -1.98627 -2.11772 -2.25886 -2.71592 -1.82257 -1.02055 -1.41985 -1.95312 -1.88346 -1.08038 -1.18403 -1.29623 -2.10493 -2.29368 -2.19147 -2.11395 -2.28967 -2.53718 -2.71805 -3.39986 -3.27054 -2.89189 -2.72193 -2.52443 -2.59201 -3.34633 -3.53683 -2.94841 -2.34753 -2.56502 -2.88457 -2.87729 -2.74026 -2.64641 -3.14998 -3.54423 -3.96561 -3.51804 -3.65543
# init_log_rec_devs:
 -0.297834 -0.195054 -0.126748 -0.0955628 -0.0934589 -0.108359 -0.130301 1.04734
# log_rec_devs:
 1.05722 1.10583 -0.139089 -0.165389 -0.298059 -0.336892 -0.173463 2.84111 0.284625 0.163418 -0.0760200 -0.352092 -0.626335 -0.538303 -0.320139 -0.0816409 2.69634 0.0765257 0.524992 0.510128 0.356662 0.953328 0.574398 0.840802 0.173325 0.402038 0.278233 -0.103700 0.166054 0.213154 1.49743 2.13800 -0.221516 -0.0713425 0.874159 1.27436 -0.245994 -0.775609 -0.898877 -0.701367 -0.142345 -0.829222 -0.954500 -1.11217 -1.11537 0.209017 0.409310 -0.409217 -0.845547 -1.24699 -1.39305 -1.25216 -0.294358 0.668812 0.131646 -0.489765 -0.691204 -0.667682 -0.629868 -0.792061 -0.796493 -0.646523 0.347852 -0.110935 -0.232896
# log_m_nodes:
 0.00000 0.00000 0.00000 0.00000 0.00000 0.00000 0.00000 0.00000 0.00000 0.00000 0.00000 0.00000
# log_age_tau2[1]:
0.325000000000
# phi1[1]:
0.0100000000000
# phi2[1]:
0.500000000000
# log_degrees_of_freedom[1]:
5.35000000000
# gamma_r:
0.00000000000
